Attributes
coach_season_team[Y,X]  :  3.83501e-01 ; iterations: [ 1.42040e-02 ,  1.29501e-02 ,  1.29501e-02 ,  1.28650e-02 ,  1.44933e-02 ,  1.24486e-02 ,  1.24660e-02 ,  1.24486e-02 ,  1.54482e-02 ,  1.35859e-02 ,  1.11822e-02 ,  1.15909e-02 ,  1.24954e-02 ,  1.07167e-02 ,  1.47321e-02 ,  1.27141e-02 ,  1.34384e-02 ,  1.33865e-02 ,  1.16402e-02 ,  1.20242e-02 ,  1.13426e-02 ,  1.27187e-02 ,  1.23548e-02 ,  1.16910e-02 ,  1.32604e-02 ,  1.31250e-02 ,  1.36218e-02 ,  1.33745e-02 ,  1.13426e-02 ,  1.28893e-02 ]
team_season_d_3pa[X,Y]  :  6.06740e-02 ; iterations: [ 0.00000e+00 ,  0.00000e+00 ,  0.00000e+00 ,  0.00000e+00 ,  0.00000e+00 ,  2.66204e-03 ,  0.00000e+00 ,  5.09259e-03 ,  2.01823e-03 ,  0.00000e+00 ,  5.50964e-03 ,  0.00000e+00 ,  4.73373e-03 ,  3.49794e-03 ,  2.29592e-03 ,  0.00000e+00 ,  2.29134e-03 ,  0.00000e+00 ,  8.16327e-03 ,  0.00000e+00 ,  0.00000e+00 ,  2.56000e-03 ,  2.89256e-03 ,  0.00000e+00 ,  2.77253e-03 ,  6.00000e-03 ,  0.00000e+00 ,  0.00000e+00 ,  7.29167e-03 ,  2.89256e-03 ]
draft_draft_from[X,Y]   :  2.03245e-02 ; iterations: [ 0.00000e+00 ,  0.00000e+00 ,  0.00000e+00 ,  0.00000e+00 ,  0.00000e+00 ,  0.00000e+00 ,  0.00000e+00 ,  0.00000e+00 ,  0.00000e+00 ,  0.00000e+00 ,  0.00000e+00 ,  0.00000e+00 ,  0.00000e+00 ,  0.00000e+00 ,  0.00000e+00 ,  0.00000e+00 ,  0.00000e+00 ,  0.00000e+00 ,  0.00000e+00 ,  0.00000e+00 ,  0.00000e+00 ,  0.00000e+00 ,  0.00000e+00 ,  5.50964e-03 ,  0.00000e+00 ,  0.00000e+00 ,  1.48148e-02 ,  0.00000e+00 ,  0.00000e+00 ,  0.00000e+00 ]
team_season_won[X,Y]    :  1.81211e-02 ; iterations: [ 0.00000e+00 ,  0.00000e+00 ,  0.00000e+00 ,  1.25740e-03 ,  0.00000e+00 ,  2.66204e-03 ,  1.23413e-03 ,  0.00000e+00 ,  0.00000e+00 ,  1.30667e-03 ,  1.30667e-03 ,  1.19008e-03 ,  1.41777e-03 ,  1.21171e-03 ,  0.00000e+00 ,  2.51185e-03 ,  0.00000e+00 ,  0.00000e+00 ,  0.00000e+00 ,  0.00000e+00 ,  0.00000e+00 ,  2.71616e-03 ,  1.30667e-03 ,  0.00000e+00 ,  0.00000e+00 ,  0.00000e+00 ,  0.00000e+00 ,  0.00000e+00 ,  0.00000e+00 ,  0.00000e+00 ]
regular_season_team[Y,X]:  1.66667e-02 ; iterations: [ 0.00000e+00 ,  0.00000e+00 ,  0.00000e+00 ,  0.00000e+00 ,  0.00000e+00 ,  0.00000e+00 ,  0.00000e+00 ,  0.00000e+00 ,  0.00000e+00 ,  0.00000e+00 ,  0.00000e+00 ,  0.00000e+00 ,  0.00000e+00 ,  0.00000e+00 ,  0.00000e+00 ,  0.00000e+00 ,  1.66667e-02 ,  0.00000e+00 ,  0.00000e+00 ,  0.00000e+00 ,  0.00000e+00 ,  0.00000e+00 ,  0.00000e+00 ,  0.00000e+00 ,  0.00000e+00 ,  0.00000e+00 ,  0.00000e+00 ,  0.00000e+00 ,  0.00000e+00 ,  0.00000e+00 ]
team_season_d_blk[X,Y]  :  1.53492e-02 ; iterations: [ 0.00000e+00 ,  0.00000e+00 ,  0.00000e+00 ,  0.00000e+00 ,  0.00000e+00 ,  0.00000e+00 ,  0.00000e+00 ,  0.00000e+00 ,  0.00000e+00 ,  0.00000e+00 ,  0.00000e+00 ,  0.00000e+00 ,  0.00000e+00 ,  0.00000e+00 ,  0.00000e+00 ,  0.00000e+00 ,  0.00000e+00 ,  4.08817e-03 ,  0.00000e+00 ,  0.00000e+00 ,  7.29167e-03 ,  0.00000e+00 ,  0.00000e+00 ,  0.00000e+00 ,  0.00000e+00 ,  0.00000e+00 ,  3.96941e-03 ,  0.00000e+00 ,  0.00000e+00 ,  0.00000e+00 ]
playoffs_team[Y,X]      :  1.48148e-02 ; iterations: [ 0.00000e+00 ,  0.00000e+00 ,  0.00000e+00 ,  0.00000e+00 ,  0.00000e+00 ,  0.00000e+00 ,  0.00000e+00 ,  0.00000e+00 ,  0.00000e+00 ,  0.00000e+00 ,  0.00000e+00 ,  0.00000e+00 ,  0.00000e+00 ,  0.00000e+00 ,  0.00000e+00 ,  0.00000e+00 ,  0.00000e+00 ,  1.48148e-02 ,  0.00000e+00 ,  0.00000e+00 ,  0.00000e+00 ,  0.00000e+00 ,  0.00000e+00 ,  0.00000e+00 ,  0.00000e+00 ,  0.00000e+00 ,  0.00000e+00 ,  0.00000e+00 ,  0.00000e+00 ,  0.00000e+00 ]
team_season_o_asts[X,Y] :  1.35995e-03 ; iterations: [ 1.35995e-03 ,  0.00000e+00 ,  0.00000e+00 ,  0.00000e+00 ,  0.00000e+00 ,  0.00000e+00 ,  0.00000e+00 ,  0.00000e+00 ,  0.00000e+00 ,  0.00000e+00 ,  0.00000e+00 ,  0.00000e+00 ,  0.00000e+00 ,  0.00000e+00 ,  0.00000e+00 ,  0.00000e+00 ,  0.00000e+00 ,  0.00000e+00 ,  0.00000e+00 ,  0.00000e+00 ,  0.00000e+00 ,  0.00000e+00 ,  0.00000e+00 ,  0.00000e+00 ,  0.00000e+00 ,  0.00000e+00 ,  0.00000e+00 ,  0.00000e+00 ,  0.00000e+00 ,  0.00000e+00 ]

Attributes summed
coach_season_team       :  3.83501e-01 ; iterations: [ 1.42040e-02 ,  1.29501e-02 ,  1.29501e-02 ,  1.28650e-02 ,  1.44933e-02 ,  1.24486e-02 ,  1.24660e-02 ,  1.24486e-02 ,  1.54482e-02 ,  1.35859e-02 ,  1.11822e-02 ,  1.15909e-02 ,  1.24954e-02 ,  1.07167e-02 ,  1.47321e-02 ,  1.27141e-02 ,  1.34384e-02 ,  1.33865e-02 ,  1.16402e-02 ,  1.20242e-02 ,  1.13426e-02 ,  1.27187e-02 ,  1.23548e-02 ,  1.16910e-02 ,  1.32604e-02 ,  1.31250e-02 ,  1.36218e-02 ,  1.33745e-02 ,  1.13426e-02 ,  1.28893e-02 ]
team_season_d_3pa       :  6.06740e-02 ; iterations: [ 0.00000e+00 ,  0.00000e+00 ,  0.00000e+00 ,  0.00000e+00 ,  0.00000e+00 ,  2.66204e-03 ,  0.00000e+00 ,  5.09259e-03 ,  2.01823e-03 ,  0.00000e+00 ,  5.50964e-03 ,  0.00000e+00 ,  4.73373e-03 ,  3.49794e-03 ,  2.29592e-03 ,  0.00000e+00 ,  2.29134e-03 ,  0.00000e+00 ,  8.16327e-03 ,  0.00000e+00 ,  0.00000e+00 ,  2.56000e-03 ,  2.89256e-03 ,  0.00000e+00 ,  2.77253e-03 ,  6.00000e-03 ,  0.00000e+00 ,  0.00000e+00 ,  7.29167e-03 ,  2.89256e-03 ]
draft_draft_from        :  2.03245e-02 ; iterations: [ 0.00000e+00 ,  0.00000e+00 ,  0.00000e+00 ,  0.00000e+00 ,  0.00000e+00 ,  0.00000e+00 ,  0.00000e+00 ,  0.00000e+00 ,  0.00000e+00 ,  0.00000e+00 ,  0.00000e+00 ,  0.00000e+00 ,  0.00000e+00 ,  0.00000e+00 ,  0.00000e+00 ,  0.00000e+00 ,  0.00000e+00 ,  0.00000e+00 ,  0.00000e+00 ,  0.00000e+00 ,  0.00000e+00 ,  0.00000e+00 ,  0.00000e+00 ,  5.50964e-03 ,  0.00000e+00 ,  0.00000e+00 ,  1.48148e-02 ,  0.00000e+00 ,  0.00000e+00 ,  0.00000e+00 ]
team_season_won         :  1.81211e-02 ; iterations: [ 0.00000e+00 ,  0.00000e+00 ,  0.00000e+00 ,  1.25740e-03 ,  0.00000e+00 ,  2.66204e-03 ,  1.23413e-03 ,  0.00000e+00 ,  0.00000e+00 ,  1.30667e-03 ,  1.30667e-03 ,  1.19008e-03 ,  1.41777e-03 ,  1.21171e-03 ,  0.00000e+00 ,  2.51185e-03 ,  0.00000e+00 ,  0.00000e+00 ,  0.00000e+00 ,  0.00000e+00 ,  0.00000e+00 ,  2.71616e-03 ,  1.30667e-03 ,  0.00000e+00 ,  0.00000e+00 ,  0.00000e+00 ,  0.00000e+00 ,  0.00000e+00 ,  0.00000e+00 ,  0.00000e+00 ]
regular_season_team     :  1.66667e-02 ; iterations: [ 0.00000e+00 ,  0.00000e+00 ,  0.00000e+00 ,  0.00000e+00 ,  0.00000e+00 ,  0.00000e+00 ,  0.00000e+00 ,  0.00000e+00 ,  0.00000e+00 ,  0.00000e+00 ,  0.00000e+00 ,  0.00000e+00 ,  0.00000e+00 ,  0.00000e+00 ,  0.00000e+00 ,  0.00000e+00 ,  1.66667e-02 ,  0.00000e+00 ,  0.00000e+00 ,  0.00000e+00 ,  0.00000e+00 ,  0.00000e+00 ,  0.00000e+00 ,  0.00000e+00 ,  0.00000e+00 ,  0.00000e+00 ,  0.00000e+00 ,  0.00000e+00 ,  0.00000e+00 ,  0.00000e+00 ]
team_season_d_blk       :  1.53492e-02 ; iterations: [ 0.00000e+00 ,  0.00000e+00 ,  0.00000e+00 ,  0.00000e+00 ,  0.00000e+00 ,  0.00000e+00 ,  0.00000e+00 ,  0.00000e+00 ,  0.00000e+00 ,  0.00000e+00 ,  0.00000e+00 ,  0.00000e+00 ,  0.00000e+00 ,  0.00000e+00 ,  0.00000e+00 ,  0.00000e+00 ,  0.00000e+00 ,  4.08817e-03 ,  0.00000e+00 ,  0.00000e+00 ,  7.29167e-03 ,  0.00000e+00 ,  0.00000e+00 ,  0.00000e+00 ,  0.00000e+00 ,  0.00000e+00 ,  3.96941e-03 ,  0.00000e+00 ,  0.00000e+00 ,  0.00000e+00 ]
playoffs_team           :  1.48148e-02 ; iterations: [ 0.00000e+00 ,  0.00000e+00 ,  0.00000e+00 ,  0.00000e+00 ,  0.00000e+00 ,  0.00000e+00 ,  0.00000e+00 ,  0.00000e+00 ,  0.00000e+00 ,  0.00000e+00 ,  0.00000e+00 ,  0.00000e+00 ,  0.00000e+00 ,  0.00000e+00 ,  0.00000e+00 ,  0.00000e+00 ,  0.00000e+00 ,  1.48148e-02 ,  0.00000e+00 ,  0.00000e+00 ,  0.00000e+00 ,  0.00000e+00 ,  0.00000e+00 ,  0.00000e+00 ,  0.00000e+00 ,  0.00000e+00 ,  0.00000e+00 ,  0.00000e+00 ,  0.00000e+00 ,  0.00000e+00 ]
team_season_o_asts      :  1.35995e-03 ; iterations: [ 1.35995e-03 ,  0.00000e+00 ,  0.00000e+00 ,  0.00000e+00 ,  0.00000e+00 ,  0.00000e+00 ,  0.00000e+00 ,  0.00000e+00 ,  0.00000e+00 ,  0.00000e+00 ,  0.00000e+00 ,  0.00000e+00 ,  0.00000e+00 ,  0.00000e+00 ,  0.00000e+00 ,  0.00000e+00 ,  0.00000e+00 ,  0.00000e+00 ,  0.00000e+00 ,  0.00000e+00 ,  0.00000e+00 ,  0.00000e+00 ,  0.00000e+00 ,  0.00000e+00 ,  0.00000e+00 ,  0.00000e+00 ,  0.00000e+00 ,  0.00000e+00 ,  0.00000e+00 ,  0.00000e+00 ]

Aggregators
count                   :  4.35307e-01 ; iterations: [ 1.42040e-02 ,  1.29501e-02 ,  1.29501e-02 ,  1.28650e-02 ,  1.44933e-02 ,  1.24486e-02 ,  1.24660e-02 ,  1.24486e-02 ,  1.54482e-02 ,  1.35859e-02 ,  1.11822e-02 ,  1.15909e-02 ,  1.24954e-02 ,  1.07167e-02 ,  1.47321e-02 ,  1.27141e-02 ,  3.01050e-02 ,  2.82013e-02 ,  1.16402e-02 ,  1.20242e-02 ,  1.13426e-02 ,  1.27187e-02 ,  1.23548e-02 ,  1.72006e-02 ,  1.32604e-02 ,  1.31250e-02 ,  2.84366e-02 ,  1.33745e-02 ,  1.13426e-02 ,  1.28893e-02 ]
sum                     :  9.55044e-02 ; iterations: [ 1.35995e-03 ,  0.00000e+00 ,  0.00000e+00 ,  1.25740e-03 ,  0.00000e+00 ,  5.32407e-03 ,  1.23413e-03 ,  5.09259e-03 ,  2.01823e-03 ,  1.30667e-03 ,  6.81631e-03 ,  1.19008e-03 ,  6.15150e-03 ,  4.70965e-03 ,  2.29592e-03 ,  2.51185e-03 ,  2.29134e-03 ,  4.08817e-03 ,  8.16327e-03 ,  0.00000e+00 ,  7.29167e-03 ,  5.27616e-03 ,  4.19923e-03 ,  0.00000e+00 ,  2.77253e-03 ,  6.00000e-03 ,  3.96941e-03 ,  0.00000e+00 ,  7.29167e-03 ,  2.89256e-03 ]

